5
10
15
20
25
30
35
40
7.6
18.8
27.6
38.2
39.6
52.3
58.2
72.7
9.3
20.2
28.7
39.2
41.9
57.3
64.4
75.5
47.8
99.0
120.0
156.8
176.4
232.8
230.2
311.2
0.04244649410247803
0.4302450895309448
1.1526169538497926
7.216197943687439
15.442778611183167
76.25906524658203
141.447088098526
829.1634605169296
53.8
99.0
120.0
156.8
180.4
260.8
250.2
321.2
0.010173273086547852
0.0819671630859375
0.23864169120788575
1.3797408580780028
3.2219117164611815
14.857729029655456
28.04590494632721
150.17756967544557
2.796823595120404
5.28730134903956
3.777124126457412
5.202563470700445
12.650867339611322
11.795008360413409
9.378462323619772
10.18768319535354
0.0
0.0
0.0
0.0
0.0
0.0
0.0
0.0
2.0027758514399734
3.6453928305312844
4.372896319628699
6.014796569941312
10.060373308735175
9.006787563955433
11.481385901633226
11.394443090091475
